WORLD_MODEL=/city.3d2
WORLD_TEXTURE=/city_1.png
WORLD_SCALE=7500

SKYBOX_MODEL=/skybox.3d2
SKYBOX_TEXTURE=/sky.png

START=0,0,0;
FINISH=83578,0,62325;

ENEMIES=4347, 0, 4652;2752, 0, 12504;-3374, 0, 11726;2716, 0, 24445;-11335, 0, 26798;2269, 0, 34632;12273, 0, 27618;27410, 1750, 22702;26597, 1750, 10016;23265, 0, -181;19051, 0, 5374;30313, 0, 7919;38845, 0, 17105;48242, 0, 18387;43829, 0, 1906;30476, 0, 2677;54836, 0, -728;52214, 1750, 12332;64427, 0, 20006;73451, 0, 20172;73062, 0, 29415;73031, 0, 10912;82137, 0, 20167;91444, 0, 20216;92055, 0, 11205;92030, 0, 29234;62028, 1525, 13828;76176, 3125, 1079;85279, 3125, 1322;98458, 3125, 16766;98393, 1525, 32651;89484, 0, 32463;90590, 0, 43352;84245, 1750, 44203;74756, 1750, 41882;74087, 1750, 47555;83936, 1750, 49755;88701, 0, 62400;;

ENEMY_COUNT=00

FREQUENCY=3000