WORLD_MODEL=/metro.3d2
WORLD_TEXTURE=/metro_1.png
WORLD_SCALE=7500

START=475, 0, -1773;
FINISH=117221, -14075, 37467;

ENEMIES=9045, -2218, 8168;20520, -4200, 8168;20759, -4200, 17624;29601, -4200, 18049;29961, -4200, 7828;12061, -4200, 17574;23635, -4200, 24390;28887, -4200, 24593;35709, -4200, 27942;41756, -5750, 21067;41144, -7550, 37858;63547, -7550, 38427;63192, -10675, 22992;75066, -10725, 42713;81098, -10725, 52534;87057, -10725, 45250;93249, -14075, 48841;98862, -14075, 42713;98833, -14075, 35073;106219, -14075, 41973;114100, -14075, 53185;

ENEMY_COUNT=0

FREQUENCY=5000